1410635
398783
159780
144246
214206
357011
395957
135370
135370
395218
327352
125161
125161
125161
74902
137853
212109
350177
350177
286650
386766
386766
346624
296594
409697
375684
193725
355194
325752
233679
361604
86992
228487
370291
83441
304824
246591
147218
114924
232419
253338
263320
243617
129820
44383
383695
383695
323119
376973
376973
64715
285873
275474
184233
184233
153788
153788
230496
179899
38169
38169
151509
151509
204146
288406
198280
216303
227685
196768
254257
200765
174631
169712
159403
100490
109627
32677
28849
186929
150036
259617
259617
122117
112564
112564
156413
73578
366829
366829
366829
313195
150734
188740
368133
309207
309207
354715
354715
